000000 00000000000000000000000
000001 00000100000001000000000
000010 00000100001001000000000
000011 00000100010001000000000
000100 00000100011001000000000
000101 00000100100001000000000
000110 00000100101001000000000
000111 00000100110001000000000
001000 00000100111001000000000
001001 00000101000001000000000
001010 00000101001001000000000
001011 00000100000001000000000
001100 00000100000001000000000
001101 00000100010001000000000
001110 00000100010001000000000
001111 00000101010001000000000
010000 00000101011001000000000
010001 00000101100001000000000
010010 00000101010001000000000
010011 00000101011001000000000
010100 00000101100001000000000
010101 00000100110001000000000
010110 00000100111001000000000
010111 00000101001001000000000
011000 00000101000001000000000
011001 00000000000000000000000
011010 00001000000100000001000
011011 00000000000100000000000
011100 10000000000000000000001
011101 10000000000000000000001
011110 10000000000000000000001
011111 00000000000010000000001
100000 00000000000010000000001
100001 00000000000010000000001
100010 00000010000010000001010
100011 10000000000000000001001
100100 01000000000100000000000
100101 00001000000100000001000
100110 00000000000000000000000
100111 00000000000000000000000
101000 00000000000000000000000
101001 00000000000000000000000
101010 00000000000000000000000
101011 00000000000000000000000
101100 00000000000000000000000
101101 00000000000000000000000
101110 00000000000000000000000
101111 00000000000000000000001
110000 00000000000010000000001
110001 00000000000000000000000
110010 00000000000000000000000
110011 00000000000000000000000
110100 00000000000000000000000
110101 00000000000000000000000
110110 00000000000000000000000
110111 00000000000000000000000
111000 00000000000000000000000
111001 00000000000000000000000
111010 00000000000000000000000
111011 00000000000000000000000
111100 00000000000000000000000
111101 00000000000000000000000
111110 00000000000000000000000
111111 00000000000000000000000
