000000 0000000
000001 0010000
000010 0010000
000011 0010000
000100 0010000
000101 0010000
000110 0010000
000111 0010000
001000 0001000
001001 0010000
001010 0010000
001011 0010000
001100 0010000
001101 0010000
001110 0010000
001111 0010000
010000 0010000
010001 0010000
010010 0010000
010011 0010000
010100 0010000
010101 0010000
010110 0010000
010111 0010000
011000 0010000
011001 0000000
011010 0010000
011011 0010000
011100 1101000
011101 1101000
011110 1101000
011111 1101100
100000 1100100
100001 1100100
100010 0100110
100011 0101010
100100 0010000
100101 0010000
100110 0000000
100111 0000000
101000 0000000
101001 0000000
101010 0000000
101011 0000000
101100 0000000
101101 0000000
101110 0000000
101111 1101000
110000 1100100
110001 0000000
110010 0000000
110011 0000000
110100 0000000
110101 0000000
110110 0000000
110111 0000000
111000 0000000
111001 0000000
111010 0000000
111011 0000000
111100 0000000
111101 0000000
111110 0000000
111111 0000000
