000000 00000000000000000000000
000001 00000000000000000101000
000010 00000000000000000101000
000011 00000000000000000101000
000100 00000000000000000101000
000101 00000000000000000101000
000110 00000000000000000101000
000111 00000000000000000101000
001000 00000000010000000101000
001001 00000000000000000101000
001010 00000000000000000101000
001011 00000000100000010101000
001100 00000000000000001101000
001101 00000000100000010101000
001110 00000000000000001101000
001111 00000000000000001101000
010000 00000000000000001101000
010001 00000000000000001101000
010010 00000000000000000101000
010011 00000000000000000101000
010100 00000000000000000101000
010101 00000000111001010101000
010110 00000000111001010101000
010111 00000000111001010101000
011000 00000000111001010101000
011001 00000000000000000000000
011010 00001100000110100001000
011011 00000000000000000011000
011100 00000010010011010101000
011101 00000000000111001101000
011110 00000100000111000101000
011111 01011010010011000100000
100000 01001100000011000111000
100001 01001100000010000101000
100010 00111000100010000101000
100011 00111000100010010101000
100100 00000000111001010101000
100101 00000000000110100001101
100110 01000001000000010100000
100111 01000001000000010100000
101000 01000001010000010100000
101001 01000001010000010100000
101010 11000000001010000001000
101011 11000000000010000001000
101100 00000000000110000101000
101101 00000100000010000001000
101110 00000000000000000000000
101111 00000010000110000001000
110000 00001100000010000101000
110001 00000000000000000000000
110010 00000000000000000000000
110011 00000000000000000000000
110100 00000000000000000000000
110101 00000000000000000000000
110110 00000000000000000000000
110111 00000000000000000000000
111000 00000000000000000000000
111001 00000000000000000000000
111010 00000000000000000000000
111011 00000000000000000000000
111100 00000000000000000000000
111101 00000000000000000000000
111110 00000000000000000000000
111111 01000001000000000000000
