000000 000
000001 001
000010 001
000011 001
000100 001
000101 001
000110 001
000111 001
001000 001
001001 001
001010 001
001011 001
001100 001
001101 001
001110 001
001111 001
010000 001
010001 001
010010 001
010011 001
010100 001
010101 001
010110 001
010111 001
011000 001
011001 000
011010 000
011011 001
011100 001
011101 001
011110 001
011111 000
100000 000
100001 000
100010 010
100011 011
100100 001
100101 000
100110 000
100111 000
101000 000
101001 000
101010 000
101011 000
101100 000
101101 000
101110 000
101111 001
110000 000
110001 000
110010 000
110011 000
110100 000
110101 000
110110 000
110111 000
111000 000
111001 000
111010 000
111011 000
111100 000
111101 000
111110 000
111111 000
